# loop_thre: 1.5 rad
# *: Removed w/o ref, **: No ref, ***: Removed w/ ref
# /: Candidates of bad loops but causative ifgs unidentified
# image1   image2   image3 RMS w/oref  w/ref
20141031 20141218 20150111     0.93    0.93    
20141218 20150111 20150123     0.51    0.51    
20141218 20150111 20150216     0.37    0.37    
20141218 20150123 20150216     0.38    0.38    
20150111 20150123 20150216     0.42    0.42    
20150111 20150123 20150228     0.47    0.46    
20150111 20150216 20150228     0.37    0.37    
20150123 20150216 20150228     0.49    0.49    
20150123 20150216 20150312     0.45    0.45    
20150123 20150228 20150312     0.46    0.46    
20150216 20150228 20150312     0.44    0.44    
20150216 20150228 20150324     0.47    0.47    
20150216 20150312 20150324     0.38    0.38    
20150228 20150312 20150324     0.43    0.43    
20150228 20150312 20150405     0.45    0.45    
20150228 20150324 20150405     0.47    0.47    
20150312 20150324 20150405     0.40    0.40    
20150324 20150405 20150429     0.43    0.43    
20150405 20150429 20150511     0.92    0.93    
20150429 20150511 20150523     0.49    0.49    
20150429 20150511 20150604     0.65    0.65    
20150429 20150523 20150604     0.58    0.58    
20150511 20150523 20150604     0.68    0.68    
20150511 20150523 20150710     0.80    0.80    
20150511 20150604 20150710     0.56    0.56    
20150523 20150604 20150710     0.73    0.73    
20150523 20150604 20150722     0.54    0.54    
20150523 20150710 20150722     0.96    0.96    
20150604 20150710 20150722     0.51    0.51    
20150604 20150710 20150815     0.48    0.48    
20150604 20150722 20150815     0.47    0.47    
20150710 20150722 20150815     0.70    0.70    
20150722 20150815 20150920     0.47    0.46    
20150815 20150920 20151002     0.49    0.50    
20150920 20151002 20151014     0.45    0.45    
20151002 20151014 20151107     0.50    0.50    
20151014 20151107 20151119     0.94    0.94    
20151107 20151119 20151201     0.94    0.94    
20151107 20151119 20151213     0.89    0.89    
20151107 20151201 20151213     0.72    0.72    
20151119 20151201 20151213     0.68    0.68    
20151119 20151201 20151225     0.84    0.84    
20151119 20151213 20151225     0.85    0.84    
20151201 20151213 20151225     0.99    0.98    
20151201 20151213 20160106     0.46    0.46    
20151201 20151225 20160106     0.93    0.94    
20151213 20151225 20160106     0.54    0.54    
20151213 20151225 20160118     0.93    0.93    
20151213 20160106 20160118     0.72    0.72    
20151225 20160106 20160118     0.98    0.99    
20160106 20160118 20160211     0.91    0.92    
20160118 20160211 20160223     0.97    0.97    
20160211 20160223 20160306     0.49    0.49    
20160211 20160223 20160318     0.69    0.71    
20160211 20160306 20160318     0.32    0.32    
20160223 20160306 20160318     0.82    0.83    
20160223 20160306 20160330     0.50    0.51    
20160223 20160318 20160330     0.91    0.94    
20160306 20160318 20160330     0.40    0.40    
20160306 20160318 20160411     0.39    0.39    
20160306 20160330 20160411     0.47    0.48    
20160318 20160330 20160411     0.43    0.44    
20160330 20160411 20160505     0.91    0.91    
20160411 20160505 20160517     0.73    0.73    
20160505 20160517 20160529     0.56    0.56    
20160505 20160517 20160610     0.85    0.86    
20160505 20160529 20160610     0.50    0.50    
20160517 20160529 20160610     0.60    0.60    
20160517 20160529 20160704     0.51    0.51    
20160517 20160610 20160704     0.56    0.57    
20160529 20160610 20160704     0.70    0.70    
20160529 20160610 20160716     0.62    0.62    
20160529 20160704 20160716     0.48    0.48    
20160610 20160704 20160716     0.56    0.56    
20160610 20160704 20160728     0.51    0.51    
20160610 20160716 20160728     0.53    0.53    
20160704 20160716 20160728     0.47    0.48    
20160704 20160716 20160809     0.42    0.42    
20160704 20160728 20160809     0.58    0.58    
20160716 20160728 20160809     0.66    0.66    
20160716 20160728 20160821     0.44    0.44    
20160716 20160809 20160821     0.48    0.48    
20160728 20160809 20160821     0.66    0.66    
20160902 20160914 20160926     0.49    0.49    
20160902 20160914 20161002     0.41    0.41    
20160902 20160926 20161002     0.66    0.67    
20160914 20160926 20161002     0.60    0.60    
20160914 20160926 20161008     0.36    0.37    
20160914 20161002 20161008     0.34    0.34    
20160926 20161002 20161008     0.44    0.44    
20160926 20161002 20161014     0.47    0.47    
20160926 20161008 20161014     0.16    0.15    
20161002 20161008 20161014     0.44    0.45    
20161002 20161008 20161020     0.52    0.52    
20161002 20161014 20161020     0.51    0.51    
20161008 20161014 20161020     0.42    0.42    
20161008 20161014 20161026     0.19    0.19    
20161008 20161020 20161026     0.40    0.40    
20161014 20161020 20161026     0.31    0.31    
20161014 20161020 20161101     0.43    0.43    
20161014 20161020 20161201     0.42    0.43    
20161014 20161026 20161101     0.27    0.27    
20161020 20161026 20161101     0.41    0.41    
20161020 20161026 20161107     0.39    0.39    
20161020 20161101 20161107     0.48    0.48    
20161020 20161107 20161201     0.53    0.53    
20161020 20161201 20161207     0.51    0.52    
20161026 20161101 20161107     0.46    0.46    
20161026 20161101 20161113     0.37    0.37    
20161026 20161107 20161113     0.63    0.63    
20161101 20161107 20161113     0.67    0.67    
20161101 20161107 20161119     0.46    0.46    
20161101 20161113 20161119     0.43    0.43    
20161107 20161113 20161119     0.47    0.47    
20161107 20161113 20161201     0.38    0.39    
20161107 20161119 20161201     0.42    0.42    
20161113 20161119 20161201     0.55    0.55    
20161113 20161119 20161207     0.37    0.37    
20161113 20161201 20161207     0.39    0.39    
20161119 20161201 20161207     0.44    0.44    
20161119 20161201 20161213     0.44    0.44    
20161119 20161207 20161213     0.45    0.45    
20161201 20161207 20161213     0.35    0.35    
20161201 20161207 20161219     0.50    0.50    
20161201 20161207 20161225     0.28    0.28    
20161201 20161213 20161219     0.38    0.38    
20161201 20161213 20161225     0.24    0.24    
20161201 20161219 20161225     0.37    0.37    
20161207 20161213 20161219     0.45    0.45    
20161207 20161213 20161225     0.38    0.38    
20161207 20161219 20161225     0.58    0.58    
20161213 20161219 20161225     0.27    0.27    
20161213 20161219 20161231     0.32    0.32    
20161213 20161225 20161231     0.30    0.30    
20161219 20161225 20161231     0.34    0.34    
20161219 20161225 20170112     0.38    0.38    
20161219 20161231 20170112     0.42    0.42    
20161225 20161231 20170112     0.40    0.40    
20161225 20161231 20170301     0.45    0.45    
20161225 20170112 20170301     0.50    0.50    
20161231 20170112 20170118     0.42    0.42    
20161231 20170112 20170124     0.45    0.45    
20161231 20170112 20170301     0.53    0.54    
20161231 20170118 20170124     0.42    0.44    
20161231 20170118 20170301     0.49    0.49    
20161231 20170124 20170301     0.54    0.54    
20170112 20170118 20170124     0.47    0.50    
20170112 20170118 20170130     0.41    0.41    
20170112 20170118 20170301     0.46    0.46    
20170112 20170124 20170130     0.56    0.56    
20170112 20170124 20170301     0.48    0.48    
20170112 20170130 20170301     0.41    0.42    
20170118 20170124 20170130     0.49    0.50    
20170118 20170124 20170205     0.50    0.52    
20170118 20170124 20170301     0.45    0.46    
20170118 20170130 20170205     0.53    0.53    
20170118 20170130 20170301     0.38    0.38    
20170118 20170205 20170301     0.52    0.52    
20170124 20170130 20170205     0.40    0.40    
20170124 20170130 20170211     0.44    0.44    
20170124 20170130 20170301     0.53    0.53    
20170124 20170130 20170307     0.44    0.45    
20170124 20170205 20170211     0.41    0.41    
20170124 20170205 20170301     0.37    0.37    
20170124 20170211 20170301     0.47    0.47    
20170124 20170211 20170307     0.50    0.50    
20170124 20170301 20170307     0.41    0.41    
20170130 20170205 20170211     0.40    0.40    
20170130 20170205 20170223     0.37    0.37    
20170130 20170205 20170301     0.44    0.44    
20170130 20170211 20170223     0.57    0.57    
20170130 20170211 20170301     0.46    0.46    
20170130 20170211 20170307     0.53    0.53    
20170130 20170223 20170301     0.44    0.44    
20170130 20170223 20170307     0.58    0.58    
20170130 20170223 20170313     0.44    0.44    
20170130 20170301 20170307     0.54    0.54    
20170130 20170301 20170313     0.40    0.40    
20170130 20170307 20170313     0.43    0.43    
20170205 20170211 20170223     0.43    0.43    
20170205 20170211 20170301     0.33    0.33    
20170205 20170223 20170301     0.28    0.28    
20170211 20170223 20170301     0.39    0.39    
20170211 20170223 20170307     0.46    0.46    
20170211 20170301 20170307     0.42    0.42    
20170223 20170301 20170307     0.50    0.50    
20170223 20170301 20170313     0.44    0.44    
20170223 20170307 20170313     0.54    0.56    
20170301 20170307 20170313     0.51    0.52    
20170301 20170307 20170319     0.52    0.52    
20170301 20170313 20170319     0.39    0.39    
20170307 20170313 20170319     0.45    0.45    
20170307 20170313 20170325     0.49    0.50    
20170307 20170319 20170325     0.42    0.42    
20170313 20170319 20170325     0.28    0.28    
20170313 20170319 20170331     0.38    0.37    
20170313 20170325 20170331     0.47    0.47    
20170319 20170325 20170331     0.29    0.29    
20170319 20170325 20170406     0.75    0.76    
20170319 20170331 20170406     0.72    0.72    
20170325 20170331 20170406     0.34    0.34    
20170325 20170331 20170412     0.34    0.34    
20170325 20170406 20170412     0.86    0.86    
20170331 20170406 20170412     0.81    0.81    
20170406 20170412 20170424     0.63    0.63    
20170412 20170424 20170430     0.70    0.69    
20170412 20170424 20170506     1.05    1.05    
20170412 20170430 20170506     0.42    0.43    
20170424 20170430 20170506     0.45    0.45    
20170424 20170430 20170512     0.44    0.44    
20170424 20170506 20170512     0.86    0.86    
20170430 20170506 20170512     0.58    0.58    
20170430 20170506 20170518     0.43    0.43    
20170430 20170512 20170518     0.45    0.45    
20170506 20170512 20170518     0.89    0.89    
20170506 20170512 20170524     0.43    0.43    
20170506 20170518 20170524     0.43    0.43    
20170512 20170518 20170524     0.79    0.79    
20170518 20170524 20170530     0.63    0.63    
20170524 20170530 20170605     0.47    0.47    
20170530 20170605 20170611     0.43    0.43    
20170605 20170611 20170617     0.54    0.54    
20170605 20170617 20170705     0.51    0.52    
20170611 20170617 20170623     0.72    0.72    
20170617 20170623 20170629     0.52    0.53    
20170617 20170623 20170705     0.47    0.46    
20170617 20170629 20170705     0.50    0.50    
20170623 20170629 20170705     0.66    0.66    
20170629 20170705 20170711     0.51    0.51    
20170705 20170711 20170717     0.56    0.56    
20170717 20170729 20170804     0.43    0.43    
20170723 20170729 20170804     0.46    0.46    
20170723 20170729 20170816     0.38    0.38    
20170723 20170804 20170816     0.42    0.42    
20170723 20170816 20170828     0.48    0.48    
20170723 20170828 20170921     0.45    0.45    
20170729 20170804 20170816     0.38    0.38    
20170804 20170816 20170822     0.46    0.47    
20170816 20170822 20170828     0.65    0.65    
20170816 20170822 20170903     0.31    0.31    
20170816 20170828 20170903     0.64    0.64    
20170816 20170828 20170927     0.37    0.37    
20170822 20170828 20170903     0.38    0.38    
20170822 20170828 20170909     0.57    0.57    
20170822 20170903 20170909     0.41    0.41    
20170828 20170903 20170909     0.63    0.63    
20170828 20170903 20170915     0.61    0.61    
20170828 20170903 20170921     0.54    0.54    
20170828 20170909 20170915     0.38    0.39    
20170828 20170909 20170921     0.45    0.45    
20170828 20170909 20170927     0.55    0.56    
20170828 20170915 20170921     0.45    0.46    
20170828 20170915 20170927     0.51    0.51    
20170828 20170921 20170927     0.41    0.41    
20170903 20170909 20170915     0.32    0.33    
20170903 20170909 20170921     0.33    0.33    
20170903 20170915 20170921     0.37    0.37    
20170909 20170915 20170921     0.26    0.26    
20170909 20170915 20170927     0.40    0.40    
20170909 20170921 20170927     0.43    0.43    
20170915 20170921 20170927     0.30    0.31    
20170915 20170921 20171021     0.35    0.36    
20170915 20170927 20171021     0.75    0.75    
20170921 20170927 20171009     0.27    0.27    
20170921 20170927 20171021     0.66    0.66    
20170921 20171009 20171021     0.34    0.34    
20170927 20171009 20171015     0.40    0.41    
20170927 20171009 20171021     0.69    0.69    
20170927 20171009 20171108     0.38    0.38    
20170927 20171015 20171021     0.53    0.53    
20170927 20171021 20171108     0.49    0.49    
20171009 20171015 20171021     0.65    0.65    
20171009 20171015 20171027     0.32    0.32    
20171009 20171021 20171027     0.75    0.75    
20171009 20171021 20171108     0.60    0.60    
20171009 20171021 20171214     0.48    0.48    
20171009 20171027 20171108     0.36    0.36    
20171009 20171108 20171214     0.40    0.41    
20171015 20171021 20171027     0.34    0.34    
20171015 20171021 20171102     0.33    0.33    
20171015 20171027 20171102     0.31    0.31    
20171021 20171027 20171102     0.32    0.33    
20171021 20171027 20171108     0.36    0.36    
20171021 20171102 20171108     0.41    0.41    
20171021 20171108 20171214     0.41    0.41    
20171021 20171108 20171226     0.37    0.37    
20171021 20171214 20171226     0.38    0.38    
20171027 20171102 20171108     0.42    0.42    
20171027 20171102 20171114     0.51    0.51    
20171027 20171108 20171114     0.36    0.36    
20171102 20171108 20171114     0.47    0.47    
20171102 20171108 20171120     0.42    0.42    
20171102 20171114 20171120     0.53    0.53    
20171108 20171114 20171120     0.30    0.30    
20171108 20171214 20171226     0.37    0.37    
20171108 20171214 20180101     0.38    0.39    
20171108 20171226 20180101     1.67 *  --      
20171114 20171120 20171202     0.39    0.39    
20171120 20171202 20171208     0.42    0.42    
20171202 20171208 20171214     0.30    0.31    
20171208 20171214 20171226     0.34    0.34    
20171214 20171226 20180101     1.65 *  --      
20171214 20171226 20180107     0.34    0.34    
20171214 20180101 20180107     0.35    0.35    
20171226 20180101 20180107     1.65 *  --      
20171226 20180101 20180113     1.64 *  --      
20171226 20180107 20180113     0.41    0.41    
20180101 20180107 20180113     0.38    0.38    
20180101 20180107 20180119     0.42    0.42    
20180101 20180113 20180119     0.35    0.35    
20180107 20180113 20180119     0.35    0.35    
20180107 20180113 20180125     0.29    0.29    
20180107 20180113 20180206     0.34    0.34    
20180107 20180119 20180125     0.48    0.48    
20180107 20180119 20180206     0.46    0.46    
20180107 20180125 20180206     0.31    0.32    
20180113 20180119 20180125     0.39    0.39    
20180113 20180119 20180131     0.34    0.34    
20180113 20180119 20180206     0.42    0.42    
20180113 20180119 20180302     0.33    0.33    
20180113 20180125 20180131     0.29    0.29    
20180113 20180125 20180206     0.29    0.29    
20180113 20180131 20180206     0.49    0.50    
20180113 20180206 20180302     0.28    0.28    
20180119 20180125 20180131     0.38    0.38    
20180119 20180125 20180206     0.39    0.39    
20180119 20180131 20180206     0.38    0.38    
20180119 20180206 20180302     0.32    0.32    
20180119 20180206 20180314     0.41    0.41    
20180119 20180302 20180314     0.30    0.30    
20180125 20180131 20180206     0.52    0.52    
20180131 20180206 20180218     0.57    0.57    
20180206 20180218 20180302     0.35    0.35    
20180206 20180224 20180314     0.41    0.42    
20180206 20180302 20180314     0.34    0.34    
20180206 20180302 20180320     0.42    0.42    
20180206 20180314 20180320     0.47    0.47    
20180302 20180314 20180320     0.41    0.41    
20180302 20180314 20180326     0.33    0.33    
20180302 20180320 20180326     0.48    0.48    
20180308 20180320 20180326     0.35    0.36    
20180314 20180320 20180326     0.59    0.59    
20180314 20180320 20180401     0.43    0.43    
20180314 20180326 20180401     0.38    0.38    
20180320 20180326 20180401     0.43    0.43    
20180320 20180326 20180407     0.36    0.36    
20180320 20180401 20180407     0.34    0.34    
20180326 20180401 20180407     0.39    0.39    
20180326 20180401 20180413     0.32    0.32    
20180326 20180407 20180413     0.28    0.28    
20180401 20180407 20180413     0.31    0.31    
20180401 20180407 20180419     0.38    0.38    
20180401 20180413 20180419     0.39    0.39    
20180407 20180413 20180419     0.53    0.54    
20180407 20180413 20180425     0.28    0.28    
20180407 20180419 20180425     0.81    0.81    
20180413 20180419 20180425     0.29    0.29    
20180413 20180419 20180501     0.43    0.43    
20180413 20180419 20180507     0.42    0.43    
20180413 20180425 20180507     0.56    0.57    
20180419 20180425 20180507     0.45    0.45    
20180425 20180507 20180513     0.45    0.45    
20180501 20180513 20180519     0.43    0.43    
20180507 20180513 20180519     0.87    0.87    
20180507 20180513 20180525     0.43    0.43    
20180507 20180519 20180525     0.39    0.39    
20180513 20180519 20180525     0.81    0.81    
20180513 20180519 20180531     0.47    0.47    
20180513 20180525 20180531     0.44    0.44    
20180519 20180525 20180531     0.68    0.68    
20180519 20180525 20180606     0.82    0.83    
20180519 20180531 20180606     0.37    0.38    
20180525 20180531 20180606     0.46    0.46    
20180525 20180531 20180612     0.34    0.35    
20180525 20180606 20180612     0.70    0.70    
20180531 20180606 20180612     0.58    0.58    
20180531 20180606 20180618     0.80    0.80    
20180531 20180612 20180618     0.39    0.39    
20180606 20180612 20180618     0.57    0.58    
20180612 20180618 20180630     0.50    0.50    
20180618 20180630 20180712     0.53    0.53    
20180630 20180712 20180718     0.45    0.46    
20180630 20180712 20180724     0.49    0.49    
20180630 20180718 20180724     0.37    0.38    
20180712 20180718 20180724     0.36    0.38    
20180712 20180718 20180730     0.50    0.50    
20180712 20180724 20180730     0.53    0.54    
20180718 20180724 20180730     0.30    0.30    
20180718 20180724 20180805     0.34    0.34    
20180718 20180730 20180805     0.34    0.33    
20180724 20180730 20180805     0.45    0.45    
20180724 20180730 20180811     0.44    0.45    
20180724 20180805 20180811     0.43    0.43    
20180730 20180805 20180811     0.38    0.38    
20180730 20180805 20180817     0.56    0.55    
20180730 20180811 20180817     0.76    0.76    
20180805 20180811 20180817     0.68    0.68    
20180805 20180811 20180823     0.42    0.42    
20180805 20180817 20180823     0.63    0.63    
20180811 20180817 20180823     0.41    0.41    
20180811 20180817 20180829     0.72    0.72    
20180811 20180823 20180829     0.58    0.57    
20180817 20180823 20180829     0.68    0.68    
20180817 20180823 20180904     0.62    0.61    
20180817 20180829 20180904     0.45    0.45    
20180823 20180829 20180904     0.51    0.51    
20180823 20180829 20180910     0.45    0.45    
20180823 20180904 20180910     0.42    0.42    
20180829 20180904 20180910     0.35    0.35    
20180829 20180904 20180916     0.65    0.65    
20180829 20180910 20180916     0.42    0.42    
20180904 20180910 20180916     0.72    0.72    
20180904 20180910 20180922     0.29    0.29    
20180904 20180916 20180922     0.74    0.74    
20180910 20180916 20180922     0.36    0.36    
20180910 20180916 20180928     0.51    0.51    
20180910 20180922 20180928     0.51    0.52    
20180916 20180922 20180928     0.33    0.34    
20180916 20180922 20181004     0.41    0.41    
20180916 20180922 20181010     0.47    0.47    
20180916 20180928 20181004     0.36    0.36    
20180916 20180928 20181010     0.45    0.45    
20180916 20181004 20181010     0.35    0.36    
20180922 20180928 20181004     0.45    0.45    
20180922 20180928 20181010     0.41    0.41    
20180922 20180928 20181022     0.48    0.49    
20180922 20181004 20181010     0.41    0.41    
20180922 20181004 20181022     0.60    0.61    
20180922 20181010 20181022     0.40    0.40    
20180928 20181004 20181010     0.36    0.36    
20180928 20181004 20181016     0.38    0.39    
20180928 20181004 20181022     0.38    0.38    
20180928 20181010 20181016     0.64    0.64    
20180928 20181010 20181022     0.61    0.61    
20180928 20181016 20181022     0.45    0.45    
20181004 20181010 20181016     0.49    0.49    
20181004 20181010 20181022     0.52    0.52    
20181004 20181016 20181022     0.33    0.34    
20181010 20181016 20181022     0.45    0.45    
20181010 20181016 20181028     0.43    0.44    
20181010 20181022 20181028     0.47    0.47    
20181010 20181022 20181109     0.55    0.55    
20181010 20181028 20181109     0.46    0.46    
20181016 20181022 20181028     0.35    0.36    
20181022 20181028 20181109     0.36    0.36    
20181022 20181028 20181115     0.39    0.39    
20181022 20181109 20181115     0.34    0.34    
20181028 20181109 20181115     0.36    0.36    
20181109 20181115 20181121     0.35    0.35    
20181109 20181115 20181127     0.38    0.38    
20181109 20181121 20181127     0.42    0.43    
20181115 20181121 20181127     0.49    0.49    
20181115 20181121 20181203     0.39    0.39    
20181115 20181127 20181203     0.43    0.43    
20181121 20181127 20181203     0.36    0.36    
20181121 20181127 20181209     0.36    0.37    
20181121 20181203 20181209     0.27    0.27    
20181127 20181203 20181209     0.38    0.38    
20181127 20181203 20181215     0.47    0.47    
20181127 20181209 20181215     0.46    0.46    
20181203 20181209 20181215     0.39    0.39    
20181203 20181209 20181221     0.33    0.33    
20181203 20181215 20181221     0.55    0.55    
20181209 20181215 20181221     0.45    0.45    
20181209 20181215 20181227     0.52    0.52    
20181209 20181221 20181227     0.43    0.43    
20181215 20181221 20181227     0.32    0.32    
20181215 20181221 20190102     0.44    0.44    
20181215 20181227 20190102     0.40    0.40    
20181221 20181227 20190102     0.31    0.31    
20181221 20181227 20190108     0.29    0.29    
20181221 20190102 20190108     0.29    0.29    
20181227 20190102 20190108     0.41    0.41    
20181227 20190102 20190114     0.44    0.44    
20181227 20190108 20190114     0.43    0.43    
20190102 20190108 20190114     0.44    0.44    
20190102 20190108 20190120     0.37    0.37    
20190102 20190114 20190120     0.27    0.27    
20190108 20190114 20190120     0.46    0.46    
20190108 20190114 20190126     0.41    0.42    
20190108 20190120 20190126     0.32    0.32    
20190114 20190120 20190126     0.49    0.49    
20190114 20190120 20190201     0.49    0.49    
20190114 20190126 20190201     0.36    0.36    
20190120 20190126 20190201     0.36    0.36    
20190120 20190126 20190207     0.57    0.57    
20190120 20190201 20190207     0.52    0.52    
20190126 20190201 20190207     0.37    0.37    
20190126 20190201 20190213     0.40    0.40    
20190126 20190207 20190213     0.37    0.37    
20190201 20190207 20190213     0.36    0.36    
20190207 20190213 20190225     0.36    0.36    
20190213 20190225 20190303     0.36    0.36    
20190225 20190303 20190309     0.34    0.34    
20190303 20190309 20190321     0.35    0.35    
20190321 20190402 20190408     0.63    0.63    
20190402 20190408 20190414     6.01 *  --      
20190402 20190408 20190420     0.55    0.55    
20190402 20190414 20190420     0.47    0.47    
20190408 20190414 20190420     6.02 *  --      
20190408 20190414 20190426     6.01 *  --      
20190408 20190420 20190426     0.42    0.42    
20190414 20190420 20190426     0.54    0.53    
20190414 20190420 20190502     0.69    0.68    
20190414 20190426 20190502     0.46    0.46    
20190420 20190426 20190502     0.67    0.67    
20190420 20190426 20190508     0.53    0.53    
20190420 20190502 20190508     0.54    0.54    
20190426 20190502 20190508     0.72    0.72    
20190502 20190508 20190520     0.50    0.51    
20190508 20190520 20190526     0.54    0.54    
20190520 20190526 20190601     0.58    0.58    
20190520 20190526 20190607     0.46    0.47    
20190520 20190601 20190607     0.52    0.53    
20190526 20190601 20190607     0.46    0.46    
20190526 20190601 20190613     0.73    0.73    
20190526 20190607 20190613     0.62    0.62    
20190601 20190607 20190613     0.60    0.60    
20190607 20190613 20190625     0.49    0.49    
20190613 20190625 20190701     0.43    0.43    
20190625 20190701 20190707     0.53    0.53    
20190625 20190701 20190713     0.45    0.45    
20190625 20190707 20190713     0.65    0.65    
20190701 20190707 20190713     0.63    0.63    
20190701 20190707 20190719     0.39    0.39    
20190701 20190713 20190719     0.44    0.44    
20190707 20190713 20190719     0.72    0.72    
20190707 20190713 20190725     0.63    0.63    
20190707 20190719 20190725     0.39    0.40    
20190713 20190719 20190725     0.46    0.46    
20190713 20190719 20190731     0.43    0.43    
20190713 20190719 20190806     0.76    0.76    
20190713 20190725 20190731     0.45    0.46    
20190713 20190725 20190806     0.41    0.41    
20190713 20190731 20190806     0.57    0.57    
20190719 20190725 20190731     0.40    0.40    
20190719 20190725 20190806     0.59    0.60    
20190719 20190731 20190806     0.46    0.46    
20190725 20190731 20190806     0.54    0.54    
20190725 20190731 20190812     0.65    0.65    
20190725 20190806 20190812     0.50    0.50    
20190731 20190806 20190812     0.47    0.47    
20190806 20190812 20190818     0.95    0.95    
20190812 20190818 20190824     0.33    0.33    
20190812 20190818 20190830     0.32    0.32    
20190812 20190824 20190830     0.61    0.61    
20190818 20190824 20190830     0.60    0.60    
20190818 20190824 20190905     0.72    0.72    
20190818 20190830 20190905     0.44    0.44    
20190824 20190830 20190905     0.86    0.86    
20190824 20190830 20190911     0.66    0.66    
20190824 20190905 20190911     0.46    0.46    
20190830 20190905 20190911     0.32    0.32    
20190830 20190905 20190917     0.77    0.77    
20190830 20190911 20190917     0.72    0.72    
20190905 20190911 20190917     0.28    0.28    
20190905 20190911 20190923     0.56    0.56    
20190905 20190917 20190923     0.65    0.65    
20190911 20190917 20190923     0.52    0.52    
20190911 20190917 20191005     0.44    0.44    
20190911 20190923 20191005     0.57    0.57    
20190917 20190923 20191005     0.43    0.43    
20190917 20190923 20191011     0.45    0.45    
20190917 20191005 20191011     0.65    0.65    
20190923 20191005 20191011     0.64    0.64    
20190923 20191005 20191017     0.41    0.41    
20190923 20191011 20191017     0.71    0.71    
20191005 20191011 20191017     0.48    0.48    
20191005 20191011 20191023     0.57    0.57    
20191005 20191017 20191023     0.32    0.32    
20191011 20191017 20191023     0.73    0.73    
20191011 20191017 20191029     0.29    0.29    
20191011 20191023 20191029     0.59    0.58    
20191017 20191023 20191029     0.46    0.46    
20191017 20191023 20191104     0.62    0.62    
20191017 20191029 20191104     0.43    0.43    
20191023 20191029 20191104     0.61    0.61    
20191023 20191029 20191116     0.44    0.44    
20191023 20191104 20191116     0.53    0.53    
20191029 20191104 20191116     0.53    0.53    
20191029 20191104 20191122     0.47    0.47    
20191029 20191116 20191122     0.44    0.44    
20191104 20191116 20191122     0.51    0.51    
20191104 20191116 20191128     0.69    0.69    
20191104 20191122 20191128     0.64    0.64    
20191116 20191122 20191128     0.54    0.54    
20191116 20191122 20191204     0.37    0.37    
20191116 20191122 20191210     0.49    0.49    
20191116 20191122 20191216     0.53    0.54    
20191116 20191128 20191204     0.59    0.59    
20191116 20191128 20191210     0.60    0.60    
20191116 20191128 20191216     0.68    0.68    
20191116 20191204 20191210     0.42    0.42    
20191116 20191204 20191216     0.33    0.33    
20191116 20191210 20191216     0.37    0.37    
20191122 20191128 20191204     0.58    0.58    
20191122 20191128 20191210     0.46    0.46    
20191122 20191128 20191216     0.57    0.57    
20191122 20191128 20191222     0.64    0.64    
20191122 20191204 20191210     0.51    0.51    
20191122 20191204 20191216     0.53    0.53    
20191122 20191204 20191222     0.36    0.37    
20191122 20191210 20191216     0.32    0.32    
20191122 20191210 20191222     0.37    0.37    
20191122 20191216 20191222     0.38    0.38    
20191128 20191204 20191210     0.50    0.50    
20191128 20191204 20191216     0.63    0.63    
20191128 20191204 20191222     0.69    0.69    
20191128 20191210 20191216     0.59    0.59    
20191128 20191210 20191222     0.66    0.66    
20191128 20191216 20191222     0.58    0.58    
20191204 20191210 20191216     0.31    0.31    
20191204 20191210 20191222     0.45    0.46    
20191204 20191210 20191228     0.45    0.46    
20191204 20191216 20191222     0.39    0.39    
20191204 20191216 20191228     0.31    0.32    
20191204 20191222 20191228     0.39    0.39    
20191210 20191216 20191222     0.34    0.34    
20191210 20191216 20191228     0.44    0.45    
20191210 20191216 20200103     0.40    0.40    
20191210 20191222 20191228     0.44    0.44    
20191210 20191222 20200103     0.50    0.50    
20191210 20191228 20200103     0.41    0.41    
20191216 20191222 20191228     0.36    0.36    
20191216 20191222 20200103     0.49    0.49    
20191216 20191222 20200109     0.38    0.37    
20191216 20191228 20200103     0.43    0.44    
20191216 20191228 20200109     0.36    0.36    
20191216 20200103 20200109     0.41    0.41    
20191222 20191228 20200103     0.52    0.52    
20191222 20191228 20200109     0.39    0.39    
20191222 20191228 20200115     0.43    0.43    
20191222 20200103 20200109     0.45    0.46    
20191222 20200103 20200115     0.40    0.41    
20191222 20200109 20200115     0.40    0.41    
20191228 20200103 20200109     0.35    0.35    
20191228 20200103 20200115     0.41    0.41    
20191228 20200103 20200121     0.32    0.32    
20191228 20200109 20200115     0.41    0.41    
20191228 20200109 20200121     0.35    0.35    
20191228 20200115 20200121     0.31    0.31    
20200103 20200109 20200115     0.54    0.54    
20200103 20200109 20200121     0.32    0.32    
20200103 20200109 20200127     0.34    0.34    
20200103 20200115 20200121     0.33    0.33    
20200103 20200115 20200127     0.45    0.45    
20200103 20200121 20200127     0.38    0.38    
20200109 20200115 20200121     0.44    0.44    
20200109 20200115 20200127     0.65    0.65    
20200109 20200115 20200202     0.51    0.51    
20200109 20200121 20200127     0.44    0.44    
20200109 20200121 20200202     0.49    0.49    
20200109 20200127 20200202     0.60    0.60    
20200115 20200121 20200127     0.39    0.39    
20200115 20200121 20200202     0.44    0.44    
20200115 20200121 20200208     0.30    0.30    
20200115 20200127 20200202     0.41    0.41    
20200115 20200127 20200208     0.66    0.66    
20200115 20200202 20200208     0.42    0.42    
20200121 20200127 20200202     0.49    0.49    
20200121 20200127 20200208     0.34    0.34    
20200121 20200127 20200214     0.34    0.34    
20200121 20200202 20200208     0.30    0.30    
20200121 20200202 20200214     0.42    0.42    
20200121 20200208 20200214     0.33    0.33    
20200127 20200202 20200208     0.43    0.43    
20200127 20200202 20200214     0.49    0.49    
20200127 20200202 20200220     0.38    0.38    
20200127 20200208 20200214     0.32    0.32    
20200127 20200208 20200220     0.37    0.37    
20200127 20200214 20200220     0.31    0.31    
20200202 20200208 20200214     0.38    0.38    
20200202 20200208 20200220     0.31    0.31    
20200202 20200208 20200226     0.31    0.31    
20200202 20200214 20200220     0.37    0.38    
20200202 20200214 20200226     0.48    0.48    
20200202 20200220 20200226     0.43    0.43    
20200208 20200214 20200220     0.42    0.42    
20200208 20200214 20200226     0.49    0.49    
20200208 20200214 20200303     0.36    0.36    
20200208 20200220 20200226     0.43    0.43    
20200208 20200220 20200303     0.38    0.38    
20200208 20200226 20200303     0.41    0.41    
20200214 20200220 20200226     0.34    0.34    
20200214 20200220 20200303     0.32    0.32    
20200214 20200220 20200309     0.41    0.41    
20200214 20200226 20200303     0.37    0.37    
20200214 20200226 20200309     0.49    0.49    
20200214 20200303 20200309     0.34    0.34    
20200220 20200226 20200303     0.40    0.40    
20200220 20200226 20200309     0.48    0.48    
20200220 20200226 20200315     0.49    0.49    
20200220 20200303 20200309     0.32    0.32    
20200220 20200303 20200315     0.34    0.34    
20200220 20200309 20200315     0.54    0.54    
20200226 20200303 20200309     0.42    0.42    
20200226 20200303 20200315     0.42    0.42    
20200226 20200309 20200315     0.40    0.40    
20200303 20200309 20200315     0.34    0.34    
20200303 20200309 20200321     0.19    0.19    
20200303 20200315 20200321     0.18    0.18    
20200309 20200315 20200321     0.11    0.11    
20200309 20200315 20200402     0.18    0.18    
20200309 20200315 20200408     0.21    0.21    
20200309 20200321 20200402     0.16    0.17    
20200309 20200321 20200408     0.16    0.16    
20200309 20200402 20200408     0.25    0.25    
20200309 20200402 20200420     0.31    0.31    
20200309 20200402 20200426     0.24    0.24    
20200309 20200408 20200420     0.31    0.31    
20200309 20200408 20200426     0.26    0.27    
20200309 20200420 20200426     0.32    0.32    
20200315 20200321 20200402     0.08    0.08    
20200315 20200321 20200408     0.11    0.11    
20200315 20200402 20200408     0.13    0.13    
20200321 20200402 20200408     0.09    0.10    
20200402 20200408 20200420     0.40    0.40    
20200402 20200408 20200426     0.42    0.42    
20200402 20200420 20200426     0.58    0.58    
20200408 20200420 20200426     0.43    0.43    
20200408 20200420 20200502     0.52    0.52    
20200408 20200426 20200502     0.47    0.48    
20200420 20200426 20200502     0.50    0.50    
20200420 20200426 20200508     0.44    0.44    
20200420 20200426 20200514     0.54    0.54    
20200420 20200502 20200508     0.42    0.42    
20200420 20200502 20200514     0.47    0.47    
20200420 20200508 20200514     0.48    0.48    
20200426 20200502 20200508     0.38    0.39    
20200426 20200502 20200514     0.58    0.58    
20200426 20200502 20200520     0.44    0.44    
20200426 20200508 20200514     0.45    0.45    
20200426 20200508 20200520     0.40    0.40    
20200426 20200514 20200520     0.52    0.52    
20200502 20200508 20200514     0.48    0.48    
20200502 20200508 20200520     0.42    0.42    
20200502 20200508 20200526     0.46    0.46    
20200502 20200514 20200520     0.54    0.54    
20200502 20200514 20200526     0.51    0.51    
20200502 20200520 20200526     0.55    0.56    
20200508 20200514 20200520     0.45    0.45    
20200508 20200514 20200526     0.36    0.36    
20200508 20200514 20200601     0.45    0.45    
20200508 20200520 20200526     0.41    0.41    
20200508 20200520 20200601     0.53    0.53    
20200508 20200526 20200601     0.45    0.45    
20200514 20200520 20200526     0.44    0.44    
20200514 20200520 20200601     0.51    0.52    
20200514 20200520 20200607     0.53    0.53    
20200514 20200526 20200601     0.44    0.44    
20200514 20200526 20200607     0.48    0.48    
20200514 20200601 20200607     0.49    0.50    
20200520 20200526 20200601     0.45    0.45    
20200520 20200526 20200607     0.55    0.56    
20200520 20200526 20200613     0.53    0.53    
20200520 20200601 20200607     0.47    0.47    
20200520 20200601 20200613     0.53    0.53    
20200520 20200607 20200613     0.39    0.39    
20200526 20200601 20200607     0.45    0.45    
20200526 20200601 20200613     0.40    0.40    
20200526 20200601 20200619     0.48    0.48    
20200526 20200607 20200613     0.41    0.41    
20200526 20200607 20200619     0.50    0.50    
20200526 20200613 20200619     0.50    0.50    
20200601 20200607 20200613     0.49    0.49    
20200601 20200607 20200619     0.61    0.61    
20200601 20200607 20200625     0.54    0.54    
20200601 20200613 20200619     0.41    0.41    
20200601 20200613 20200625     0.42    0.42    
20200601 20200619 20200625     0.60    0.61    
20200607 20200613 20200619     0.53    0.53    
20200607 20200613 20200625     0.37    0.37    
20200607 20200613 20200701     0.45    0.45    
20200607 20200619 20200625     0.79    0.79    
20200607 20200619 20200701     0.95    0.95    
20200607 20200625 20200701     0.43    0.43    
20200613 20200619 20200625     0.68    0.68    
20200613 20200619 20200701     0.76    0.76    
20200613 20200619 20200707     0.36    0.36    
20200613 20200625 20200701     0.47    0.47    
20200613 20200625 20200707     0.59    0.60    
20200613 20200701 20200707     0.58    0.59    
20200619 20200625 20200701     0.48    0.48    
20200619 20200625 20200707     0.35    0.35    
20200619 20200701 20200707     0.42    0.42    
20200619 20200707 20200713     0.54    0.54    
20200625 20200701 20200707     0.41    0.41    
20201210 20201216 20210220     1.08    1.08    
20201216 20201222 20201228     0.11    0.11    
20201216 20201222 20210103     0.13    0.13    
20201216 20201222 20210220     1.21    1.21    
20201216 20201228 20210103     0.11    0.11    
20201216 20201228 20210220     0.34    0.34    
20201222 20201228 20210103     0.12    0.12    
20201222 20201228 20210109     0.19    0.21    
20201222 20201228 20210220     0.89    0.89    
20201222 20210103 20210109     0.20    0.21    
20201228 20210103 20210109     0.10    0.11    
20201228 20210103 20210115     0.08    0.09    
20201228 20210109 20210115     0.09    0.09    
20210103 20210109 20210115     0.07    0.11    
20210103 20210109 20210121     0.11    0.12    
20210103 20210115 20210121     0.09    0.10    
20210109 20210115 20210121     0.11    0.11    
20210109 20210115 20210127     0.27    0.27    
20210109 20210121 20210127     0.24    0.25    
20210115 20210121 20210127     0.10    0.11    
20210115 20210121 20210202     0.09    0.09    
20210115 20210127 20210202     0.10    0.11    
20210121 20210127 20210202     0.13    0.14    
20210121 20210127 20210208     0.18    0.19    
20210121 20210202 20210208     0.14    0.14    
20210127 20210202 20210208     0.16    0.16    
20210127 20210202 20210214     0.25    0.25    
20210127 20210208 20210214     0.30    0.30    
20210202 20210208 20210214     0.27    0.27    
20210202 20210208 20210220     0.26    0.26    
20210202 20210214 20210220     0.28    0.28    
20210208 20210214 20210220     0.35    0.35    
20210208 20210214 20210226     0.31    0.31    
20210208 20210220 20210226     0.30    0.29    
20210214 20210220 20210226     0.20    0.20    
20210214 20210220 20210304     0.26    0.27    
20210214 20210226 20210304     0.27    0.27    
20210220 20210226 20210304     0.07    0.07    
20210220 20210226 20210310     0.21    0.21    
20210220 20210304 20210310     0.32    0.32    
20210226 20210304 20210310     0.32    0.32    
20210226 20210304 20210316     0.06    0.06    
20210226 20210310 20210316     0.18    0.18    
20210304 20210310 20210316     0.34    0.34    
20210304 20210310 20210322     0.37    0.37    
20210304 20210316 20210322     0.05    0.05    
20210310 20210316 20210322     0.26    0.27    
20210310 20210316 20210328     0.15    0.15    
20210310 20210322 20210328     0.30    0.30    
20210316 20210322 20210328     0.14    0.14    
20210316 20210322 20210403     0.08    0.08    
20210316 20210328 20210403     0.10    0.10    
20210322 20210328 20210403     0.17    0.17    
20210322 20210328 20210409     0.18    0.18    
20210322 20210403 20210409     0.09    0.09    
20210328 20210403 20210409     0.09    0.09    
20210328 20210403 20210415     0.11    0.11    
20210328 20210409 20210415     0.12    0.12    
20210403 20210409 20210415     0.09    0.08    
20210403 20210409 20210421     0.12    0.11    
20210403 20210415 20210421     0.11    0.11    
20210409 20210415 20210421     0.08    0.09    
20210409 20210415 20210427     0.10    0.11    
20210409 20210421 20210427     0.10    0.09    
20210415 20210421 20210427     0.08    0.08    
20210415 20210421 20210503     0.10    0.09    
20210415 20210427 20210503     0.18    0.18    
20210421 20210427 20210503     0.18    0.18    
20210421 20210427 20210509     0.19    0.20    
20210421 20210503 20210509     0.26    0.26    
20210427 20210503 20210509     0.22    0.22    
20210427 20210503 20210515     0.41    0.41    
20210427 20210509 20210515     0.33    0.33    
20210503 20210509 20210515     0.40    0.40    
20210503 20210509 20210521     0.37    0.37    
20210503 20210515 20210521     0.42    0.42    
20210509 20210515 20210521     0.33    0.33    
20210509 20210515 20210527     0.28    0.28    
20210509 20210521 20210527     0.35    0.35    
20210515 20210521 20210527     0.30    0.30    
20210515 20210521 20210602     0.31    0.31    
20210515 20210527 20210602     0.30    0.30    
20210521 20210527 20210602     0.32    0.32    
20210521 20210527 20210608     0.45    0.45    
20210521 20210602 20210608     0.42    0.43    
20210527 20210602 20210608     0.21    0.21    
20210527 20210602 20210614     0.20    0.21    
20210527 20210608 20210614     0.21    0.21    
20210602 20210608 20210614     0.20    0.20    
20210602 20210608 20210620     0.25    0.25    
20210602 20210614 20210620     0.20    0.20    
20210608 20210614 20210620     0.20    0.20    
20210608 20210614 20210626     0.26    0.26    
20210608 20210620 20210626     0.22    0.22    
20210614 20210620 20210626     0.16    0.16    
20210614 20210620 20210702     0.27    0.28    
20210614 20210626 20210702     0.27    0.27    
20210620 20210626 20210702     0.25    0.25    
20210620 20210626 20210708     0.18    0.18    
20210620 20210702 20210708     0.33    0.33    
20210626 20210702 20210708     0.25    0.25    
20210626 20210702 20210714     0.41    0.41    
20210626 20210708 20210714     0.37    0.38    
20210702 20210708 20210714     0.33    0.35    
20210702 20210708 20210720     0.35    0.35    
20210702 20210714 20210720     0.31    0.37    
20210708 20210714 20210720     0.25    0.27    
20210708 20210714 20210726     0.27    0.27    
20210708 20210720 20210726     0.21    0.21    
20210714 20210720 20210726     0.22    0.26    
20210714 20210720 20210801     0.23    0.25    
20210714 20210726 20210801     0.23    0.24    
20210720 20210726 20210801     0.20    0.20    
20210720 20210726 20210807     0.34    0.34    
20210720 20210801 20210807     0.33    0.33    
20210726 20210801 20210807     0.29    0.29    
20210726 20210801 20210813     0.22    0.22    
20210726 20210807 20210813     0.33    0.33    
20210801 20210807 20210813     0.18    0.18    
20210801 20210807 20210819     0.28    0.28    
20210801 20210813 20210819     0.19    0.19    
20210807 20210813 20210819     0.26    0.26    
20210807 20210813 20210825     0.47    0.47    
20210807 20210819 20210825     0.26    0.26    
20210813 20210819 20210825     0.42    0.42    
20210813 20210819 20210831     0.13    0.14    
20210813 20210825 20210831     0.42    0.42    
20210819 20210825 20210831     0.32    0.32    
20210819 20210825 20210906     0.24    0.24    
20210819 20210831 20210906     0.22    0.22    
20210825 20210831 20210906     0.33    0.33    
20210825 20210831 20210912     0.43    0.43    
20210825 20210906 20210912     0.35    0.36    
20210831 20210906 20210912     0.12    0.12    
20210831 20210906 20210918     0.48    0.48    
20210831 20210912 20210918     0.31    0.31    
20210906 20210912 20210918     0.46    0.47    
20210906 20210912 20210924     0.17    0.17    
20210906 20210918 20210924     0.40    0.40    
20210912 20210918 20210924     0.22    0.22    
20210912 20210918 20210930     0.24    0.24    
20210912 20210924 20210930     0.13    0.14    
20210918 20210924 20210930     0.22    0.22    
20210918 20210924 20211006     0.32    0.32    
20210918 20210930 20211006     0.36    0.36    
20210924 20210930 20211006     0.19    0.20    
20210924 20210930 20211012     0.22    0.23    
20210924 20211006 20211012     0.24    0.25    
20210930 20211006 20211012     0.20    0.21    
20210930 20211006 20211018     0.24    0.24    
20210930 20211012 20211018     0.26    0.26    
20211006 20211012 20211018     0.17    0.18    
20211006 20211012 20211024     0.32    0.34    
20211006 20211018 20211024     0.29    0.30    
20211012 20211018 20211024     0.29    0.29    
20211012 20211018 20211030     0.18    0.18    
20211012 20211024 20211030     0.22    0.22    
20211018 20211024 20211030     0.14    0.14    
20211018 20211024 20211105     0.32    0.32    
20211018 20211030 20211105     0.33    0.33    
20211024 20211030 20211105     0.27    0.27    
20211024 20211030 20211111     0.25    0.25    
20211024 20211105 20211111     0.29    0.29    
20211030 20211105 20211111     0.21    0.21    
20211030 20211105 20211117     0.25    0.25    
20211030 20211105 20211123     0.53    0.53    
20211030 20211111 20211117     0.21    0.21    
20211030 20211111 20211123     0.51    0.51    
20211030 20211117 20211123     0.51    0.51    
20211105 20211111 20211117     0.11    0.11    
20211105 20211111 20211123     0.23    0.23    
20211105 20211111 20211129     0.31    0.31    
20211105 20211117 20211123     0.24    0.24    
20211105 20211117 20211129     0.31    0.31    
20211105 20211123 20211129     0.29    0.30    
20211111 20211117 20211123     0.17    0.17    
20211111 20211117 20211129     0.33    0.33    
20211111 20211117 20211205     0.50    0.50    
20211111 20211123 20211129     0.29    0.31    
20211111 20211123 20211205     0.42    0.43    
20211111 20211129 20211205     0.47    0.47    
20211117 20211123 20211129     0.32    0.34    
20211117 20211123 20211205     0.32    0.32    
20211117 20211123 20211211     0.42    0.42    
20211117 20211129 20211205     0.40    0.40    
20211117 20211129 20211211     0.29    0.29    
20211117 20211205 20211211     0.44    0.45    
20211123 20211129 20211205     0.36    0.36    
20211123 20211129 20211211     0.35    0.36    
20211123 20211129 20211217     0.40    0.41    
20211123 20211205 20211211     0.41    0.41    
20211123 20211205 20211217     0.35    0.36    
20211123 20211211 20211217     0.40    0.40    
20211129 20211205 20211211     0.40    0.40    
20211129 20211205 20211217     0.45    0.46    
20211129 20211205 20211223     0.45    0.45    
20211129 20211211 20211217     0.34    0.34    
20211129 20211211 20211223     0.26    0.26    
20211129 20211217 20211223     0.34    0.34    
20211205 20211211 20211217     0.40    0.42    
20211205 20211211 20211223     0.45    0.45    
20211205 20211217 20211223     0.42    0.43    
20211211 20211217 20211223     0.23    0.23    
